5.6603998474020045 -1.1712095388971573
5.661199847381795 -2.103662391098178
5.661999847361585 -0.7924599374587439
5.662799847341375 -0.40860101611030347
5.663599847321166 -0.3577330765048308
5.664399847300956 1.0236202981323004
5.665199847280746 1.4667697431025457
5.665999847260537 0.014729655974981735
5.666799847240327 0.6884188274330251
5.667599847220117 0.11702233628959072
5.6683998471999075 -1.6827636063098907
5.669199847179698 -1.8257614257840478
5.669999847159488 -2.604830599865135
5.670799847139278 -0.9094741431003133
5.671599847119069 -2.5182576751222414
5.672399847098859 -5.156509448070915
5.673199847078649 0.5617417037411003
5.67399984705844 0.1532346175945535
5.67479984703823 -0.19080528203987193
5.67559984701802 -1.3440986573696136
5.6763998469978105 -2.465246750383961
5.677199846977601 -2.9649306389750265
5.677999846957391 -2.214089238522004
5.678799846937181 -1.8934738003477758
5.679599846916972 -1.98355313709804
5.680399846896762 -3.7560426750961615
5.681199846876552 -3.963354208031479
5.681999846856343 -3.5343970899679222
5.682799846836133 -3.0088387460124735
5.683599846815923 -2.0982115122736715
5.6843998467957135 -1.9663444526341496
5.685199846775504 -1.1065889907126525
5.685999846755294 -1.614383347180425
5.686799846735084 -2.589115798473358
5.687599846714875 -1.6700905856429313
5.688399846694665 -0.48612165496665605
5.689199846674455 -0.9715685022576731
5.689999846654246 -2.6725612658323072
5.690799846634036 -3.9120642871272806
5.691599846613826 -3.632527409767618
5.6923998465936165 -2.232986725106531
5.693199846573407 -0.8793916328220951
5.693999846553197 -0.03578983695835483
5.694799846532987 -1.4333271054665044
5.695599846512778 -1.7709748155000258
5.696399846492568 -2.5586243259663486
5.697199846472358 -3.1989335405583286
5.697999846452149 -3.0316748339302686
5.698799846431939 -2.2425322265041117
5.699599846411729 -1.9383500145406138
5.7003998463915195 -2.80933402995674
5.70119984637131 -0.7582075425366662
5.7019998463511 -1.2417137929979636
5.70279984633089 -1.9720403267716875
5.703599846310681 -2.8579297965886643
5.704399846290471 -1.7025706105846532
5.705199846270261 -1.9406875098238185
5.705999846250052 -1.7940066648381097
5.706799846229842 -2.978117056038915
5.707599846209632 -3.2283027853284563
5.7083998461894225 -1.514386325998574
5.709199846169213 -0.6312607340942308
5.709999846149003 -2.1084453816316566
5.710799846128793 -2.0334579372892576
5.711599846108584 -1.5064411053852158
5.712399846088374 0.017839064403456086
5.713199846068164 -1.6349536281611239
5.713999846047955 -1.9497388236376705
5.714799846027745 -1.4367929716043326
5.715599846007535 -1.763426274973519
5.7163998459873255 -1.466409147698052
5.717199845967116 -0.9174251590133169
5.717999845946906 -3.2538469433784485
5.718799845926696 -3.215966363342441
5.719599845906487 -3.2998039527815215
5.720399845886277 -2.306635830627412
5.721199845866067 -1.1067132958477097
5.721999845845858 -1.2052906261357879
5.722799845825648 -2.038879853122088
5.723599845805438 -1.5003405374531844
5.7243998457852285 -2.538335090084952
5.725199845765019 -3.4430796053944803
5.725999845744809 -0.9464189297690684
5.726799845724599 -0.4626064963106598
5.72759984570439 -0.425946991472524
5.72839984568418 -0.0566532703078523
5.72919984566397 -1.7710971820111177
5.729999845643761 -0.27868363641354504
5.730799845623551 -0.3066414453431356
5.731599845603341 1.031289794976462
5.7323998455831315 2.126729820455824
5.733199845562922 0.26737717392721344
5.733999845542712 -0.8115758444182575
5.734799845522502 0.24130801107658414
5.735599845502293 -0.8144037671843354
5.736399845482083 0.37852067606789724
5.737199845461873 1.2075954738776296
5.737999845441664 -1.0384783039477712
5.738799845421454 -1.1453516746357995
5.739599845401244 -0.5972617113468598
5.7403998453810345 -0.0020766073495757822
5.741199845360825 1.603526774717837
5.741999845340615 1.719277024953341
5.742799845320405 1.3419110587969119
5.743599845300196 2.5250394684927806
5.744399845279986 1.2463696776718205
5.745199845259776 1.2510220095211146
5.745999845239567 2.3909135679809417
5.746799845219357 1.179476929030248
5.747599845199147 1.9326896764794175
5.7483998451789375 1.6182229212884391
5.749199845158728 1.5851198051656996
5.749999845138518 2.3742382404755573
5.750799845118308 2.196241318495298
5.751599845098099 2.5971198081970215
5.752399845077889 2.372655750537405
5.753199845057679 -0.02238280927686363
5.75399984503747 0.6387393128659044
5.75479984501726 2.2609766000995832
5.75559984499705 0.7635743077844381
5.7563998449768405 1.373034592033649
5.757199844956631 0.38547803066214736
5.757999844936421 1.9641120509833705
5.758799844916211 1.7079608125650152
5.759599844896002 0.48482373449476246
5.760399844875792 0.610126301988351
5.761199844855582 2.2209701316089046
5.761999844835373 2.7308885540281023
5.762799844815163 3.118695677543173
5.763599844794953 2.5130921456278585
5.7643998447747435 1.0498787754652452
5.765199844754534 1.6446473478358619
5.765999844734324 2.3620065176213276
5.766799844714114 -1.9271172948029576
5.767599844693905 -0.200441599481416
5.768399844673695 -0.38298312316135485
5.769199844653485 0.07139963804915243
5.769999844633276 1.7321326986183316
5.770799844613066 1.064533146516401
5.771599844592856 1.1619099353877258
5.7723998445726465 2.14201482674297
5.773199844552437 1.1396740633158051
5.773999844532227 0.3100590710433162
5.774799844512017 0.5887441330836439
5.775599844491808 0.15640990418020864
5.776399844471598 0.11139185456749127
5.777199844451388 -0.3477414759750269
5.777999844431179 -0.866931893539672
5.778799844410969 0.8363220148852893
5.779599844390759 0.5967628831538011
5.7803998443705495 0.010818287948792686
5.78119984435034 -0.6016116352105627
5.78199984433013 -0.6199103726112113
5.7827998443099204 0.05930910259485245
5.783599844289711 -0.6243863817760531
5.784399844269501 -1.616731239824879
5.785199844249291 -2.506519457515405
5.785999844229082 -2.3847788852088305
5.786799844208872 -0.51578773512524
5.787599844188662 -0.11079624515711045
5.7883998441684525 -0.0012259493600957248
5.789199844148243 -0.4982903464412203
5.789999844128033 0.1931046546788468
5.7907998441078234 -0.46347916823792823
5.791599844087614 1.300256791163464
5.792399844067404 -2.4771451268877303
5.793199844047194 -3.1559066602161954
5.793999844026985 -1.4378553151476139
5.794799844006775 -1.1746383800494427
5.795599843986565 -2.63644750826821
5.7963998439663555 -2.161778063190227
5.797199843946146 -1.2849199893523235
5.797999843925936 -0.22019199852128418
5.7987998439057264 -1.3046643733978271
5.799599843885517 -1.9478763500038458
5.800399843865307 -0.005934611609091564
5.801199843845097 0.6086216780585142
5.801999843824888 -0.0203872980663971
5.802799843804678 -0.47436983552666345
5.803599843784468 -0.9374807966606957
5.8043998437642585 -1.387463622859546
5.805199843744049 1.0033989277649291
5.805999843723839 0.6767709743687693
5.8067998437036294 0.8970847757799285
5.80759984368342 0.15175443649653117
5.80839984366321 -0.3055430398683767
5.809199843643 0.7826643310943429
5.809999843622791 1.619772130433394
5.810799843602581 1.9104302595939715
5.811599843582371 2.526907361283594
5.8123998435621615 0.9935378573112645
5.813199843541952 0.47635327598878313
5.813999843521742 2.6977786862728546
5.8147998435015325 1.6109680946992369
5.815599843481323 1.4863724190057541
5.816399843461113 1.324200593999454
5.817199843440903 0.09492361135020548
5.817999843420694 0.7408028737812931
5.818799843400484 2.6076877897187156
5.819599843380274 3.4008012304500657
5.8203998433600646 2.9708724479590143
5.821199843339855 2.6370508828941657
5.821999843319645 0.8344067410870019
5.8227998432994355 -0.1772169607634447
5.823599843279226 0.557352535730722
5.824399843259016 -0.06929825808928937
5.825199843238806 -1.1765505286213962
5.825999843218597 -0.7649944147560745
5.826799843198387 0.39512826395886286
5.827599843178177 0.5848778203053742
5.8283998431579676 -0.6020487981031135
5.829199843137758 -0.3867085244962756
5.829999843117548 -0.8775984510703354
5.8307998430973385 -0.2580668991241528
5.831599843077129 -0.34457548527161075
5.832399843056919 -0.5021196981625897
5.833199843036709 0.3861724043987235
5.8339998430165 -0.33283001990342626
5.83479984299629 0.07125708977786863
5.83559984297608 0.9172765145990618
5.8363998429558706 1.5212578613843237
5.837199842935661 1.1162278761859148
5.837999842915451 -0.6671040510302599
5.8387998428952415 -1.897000823702131
5.839599842875032 -1.803519379119484
5.840399842854822 -1.999900641490002
5.841199842834612 -2.1621942033573074
5.841999842814403 -1.6186856435877937
5.842799842794193 -2.900490724310583
5.843599842773983 -1.5449769965239935
5.8443998427537736 0.4667090075660725
5.845199842733564 1.3935945099409746
5.845999842713354 1.7760840701509495
5.8467998426931445 0.705438878463239
5.847599842672935 -1.8730828186535105
5.848399842652725 -0.908678372903746
5.849199842632515 -1.5575165342615576
5.849999842612306 -0.05185156851550754
5.850799842592096 0.35975236042725794
5.851599842571886 -1.6850241958638843
5.852399842551677 -1.8201488475410306
5.853199842531467 -1.2963731508626013
5.853999842511257 -0.44667820236170475
5.8547998424910475 0.3513425386377743
5.855599842470838 0.7589263903851412
5.856399842450628 -0.4697337374851412
5.857199842430418 -1.0887073901082789
5.857999842410209 -0.8078860114423596
5.858799842389999 -0.18953019680873473
5.859599842369789 1.274046071938106
5.86039984234958 0.7554878680681696
5.86119984232937 1.78004224385534
5.86199984230916 1.757425675510752
5.8627998422889505 -1.0388065882179203
5.863599842268741 -2.880405384515013
5.864399842248531 -1.4409600444784274
5.865199842228321 0.8881400090699293
5.865999842208112 3.2098569261784458
5.866799842187902 2.2590270206636314
5.867599842167692 0.9227137190755457
5.868399842147483 0.2580568042336678
5.869199842127273 -0.21955693343996394
5.869999842107063 -1.1190938759138997
5.8707998420868535 -0.7107938267290592
5.871599842066644 -0.38003108620035403
5.872399842046434 0.2703251731498832
5.873199842026224 -1.2826946648407955
5.873999842006015 -1.9650151182194144
5.874799841985805 -0.134108446690501
5.875599841965595 -0.14108031835022136
5.876399841945386 -2.3222500791355056
5.877199841925176 -0.8783067763421912
5.877999841904966 -0.24472017342946967
5.8787998418847565 -0.6583889289474001
5.879599841864547 -0.48226057745668355
5.880399841844337 0.1637178273225317
5.881199841824127 -0.3120190517178604
5.881999841803918 -1.36898457730303
5.882799841783708 -1.550954474354809
5.883599841763498 -0.46901768510591013
5.884399841743289 -0.927100445619043
5.885199841723079 -0.5380394637052502
5.885999841702869 -1.0562243305446049
5.8867998416826595 -0.13388120586394656
5.88759984166245 -0.9741756660597665
5.88839984164224 -1.1438264314237299
5.88919984162203 -1.0330702940724334
5.889999841601821 -0.7353116601553499
5.890799841581611 0.5088249163901699
5.891599841561401 -0.22021442788596057
5.892399841541192 -0.6113264330719806
5.893199841520982 -2.2859424133690034
5.893999841500772 -0.7858834364736567
5.8947998414805625 0.5661899279042775
5.895599841460353 -0.5233650434458134
5.896399841440143 -0.44906233311915883
5.897199841419933 0.20771926675676083
5.897999841399724 -0.4836482133108134
5.898799841379514 0.42139619482415064
5.899599841359304 0.05943678072368612
5.900399841339095 1.6614197249315223
5.901199841318885 1.5647931786216036
5.901999841298675 1.004180897255333
5.9027998412784655 0.4932591645997398
5.903599841258256 -0.43503093521813957
5.904399841238046 -1.02390224205292
5.905199841217836 -0.4716729161766719
5.905999841197627 0.35427404027812337
5.906799841177417 0.6849606754887868
5.907599841157207 -0.09918196837664867
5.908399841136998 -1.1477451222587605
5.909199841116788 -1.9749058807382778
5.909999841096578 -1.4102370501020733
5.9107998410763685 0.65603353242789
5.911599841056159 0.6407375261567685
5.912399841035949 1.1212111288795665
5.913199841015739 1.317847070037102
5.91399984099553 0.9552188501978407
5.91479984097532 -0.5096477587916413
5.91559984095511 -1.0551396821986656
5.916399840934901 -1.7472698366250463
5.917199840914691 0.6510054160441671
5.917999840894481 -0.3914331498802925
5.9187998408742715 -0.6086563164349266
5.919599840854062 0.4268445637913383
5.920399840833852 -1.2809470066116477
5.921199840813642 -1.3032246193639478
5.921999840793433 -0.3620778668139662
5.922799840773223 -2.5039253551132825
5.923599840753013 -1.1266961753064273
5.924399840732804 -0.411855444616201
5.925199840712594 -0.5785051024880032
5.925999840692384 -0.5048097628263795
5.9267998406721745 0.7112434715488736
5.927599840651965 -0.1340458518160241
5.928399840631755 -0.9927359294260338
5.929199840611545 -0.7676856992219822
5.929999840591336 -0.7156772254087145
5.930799840571126 -0.13970039876139895
5.931599840550916 0.17697495526197005
5.932399840530707 0.6059925332665443
5.933199840510497 0.3785117259439157
5.933999840490287 0.5453244190168928
5.9347998404700775 0.36022574235495103
5.935599840449868 0.9205084319169424
5.936399840429658 1.214837564079433
5.937199840409448 0.3932437465279078
5.937999840389239 -0.48041765847984624
5.938799840369029 1.9474728460214576
5.939599840348819 0.4607751411670933
5.94039984032861 1.3178030850023639
5.9411998403084 3.570161452098769
5.94199984028819 2.123698876980616
5.9427998402679805 2.0255493546018797
5.943599840247771 1.541940298007459
5.944399840227561 0.6269231751485138
5.945199840207351 0.2977917189709842
5.945999840187142 -0.5886346309312752
5.946799840166932 -0.5719270766522659
5.947599840146722 0.030464975581485396
5.948399840126513 -0.021358494604082436
5.949199840106303 -0.3400041939196538
5.949999840086093 -0.3554494939554407
5.9507998400658835 -0.33389395319533594
5.951599840045674 -0.09334567751811475
5.952399840025464 0.08381489076062429
5.953199840005254 0.013991175143390286
5.953999839985045 -0.2904168375131047
5.954799839964835 -0.6648325777555607
5.955599839944625 -0.9163232051140192
5.956399839924416 -0.5785729766785338
5.957199839904206 -0.5494957739601329
5.957999839883996 -0.10464880466271116
5.9587998398637865 0.25462551557515956
5.959599839843577 -1.1799499952063268
5.960399839823367 -0.34128967090984996
5.961199839803157 0.451506483577648
5.961999839782948 0.8383559304840711
5.962799839762738 -0.7168114655829338
5.963599839742528 -2.072098587240492
5.964399839722319 -1.8477923204095996
5.965199839702109 -0.8328076295402586
5.965999839681899 0.008132898837936168
5.9667998396616895 -0.8519729638872525
5.96759983964148 -0.6992006500688742
5.96839983962127 -0.6464060924339051
5.96919983960106 -0.6241651569749704
5.969999839580851 0.7006513423153332
5.970799839560641 0.7966076098002342
5.971599839540431 0.774423215462237
5.972399839520222 -1.3844133554102511
5.973199839500012 -1.0086363150301028
5.973999839479802 -1.2241420551222197
5.9747998394595925 -0.029294771199323694
5.975599839439383 -1.1526759260771227
5.976399839419173 -1.5171535529044209
5.977199839398963 -1.4232774219494693
5.977999839378754 0.34340450068821715
5.978799839358544 -0.3206141896222775
5.979599839338334 0.03469635033980012
5.980399839318125 0.5017289926621075
5.981199839297915 -0.3840215518994599
5.981999839277705 0.25921593017861894
5.9827998392574955 1.3366513054589837
5.983599839237286 1.1885678440389433
5.984399839217076 1.8704570648165382
5.985199839196866 0.6141694402512239
5.985999839176657 0.7098068926407366
5.986799839156447 1.2025170245644998
5.987599839136237 1.008358258297857
5.988399839116028 0.7842077962122858
5.989199839095818 0.8239113106059709
5.989999839075608 0.9564959446386415
5.9907998390553985 1.6256313804461031
5.991599839035189 0.3471034722478718
5.992399839014979 0.8260743764742297
5.993199838994769 -0.022643214471790254
5.99399983897456 1.2455490486962455
5.99479983895435 1.4831889130885485
5.99559983893414 -0.4832326947350283
5.996399838913931 1.0707156221781458
5.997199838893721 2.5740421681987997
5.997999838873511 4.014483141693837
5.9987998388533015 3.050607766728012
5.999599838833092 -0.14383919136028508
6.000399838812882 0.4916238782509249
6.001199838792672 -0.15061420126228917
6.001999838772463 0.005311272924347799
6.002799838752253 0.15372353642988873
6.003599838732043 -0.3853512657996343
6.004399838711834 1.0637984809522727
6.005199838691624 2.0050822411264693
6.005999838671414 1.5082629749513403
6.0067998386512045 1.9491649513341942
6.007599838630995 1.9243621711372112
6.008399838610785 0.7655138934449274
6.009199838590575 0.3472089767075923
6.009999838570366 0.0770045700578057
6.010799838550156 0.4184533093048602
6.011599838529946 0.8575257784021753
6.012399838509737 -0.15359372098226937
6.013199838489527 -0.6499126367532287
6.013999838469317 -0.7543413040741366
6.0147998384491075 -0.15446860065721735
6.015599838428898 -0.7380558429095818
6.016399838408688 -0.20168015714354662
6.017199838388478 -0.8727027131814737
6.017999838368269 -0.6215992299649788
6.018799838348059 0.36764107827021153
6.019599838327849 0.9896825471398781
6.02039983830764 0.19185232203477537
6.02119983828743 1.0714939394775702
6.02199983826722 -0.05631455889313805
6.0227998382470105 -0.004441545553961579
6.023599838226801 0.5236426234549406
6.024399838206591 -0.6650018964190872
6.025199838186381 -0.8544961144121326
6.025999838166172 -0.9745383350824823
6.026799838145962 -1.1200124654842882
6.027599838125752 -1.1424081033589888
6.028399838105543 -1.3900903220079384
6.029199838085333 -0.6772968310207053
6.029999838065123 -0.3764813514236285
6.0307998380449135 -0.30055223154474275
6.031599838024704 -1.0741622207724317
6.032399838004494 -2.7449550754865824
6.033199837984284 -1.1114044171206805
6.033999837964075 -1.2408049404621124
6.034799837943865 -0.8836183126407618
6.035599837923655 0.17327396985979712
6.036399837903446 -1.1628973204262403
6.037199837883236 -0.6477182409583534
6.037999837863026 1.0277214828802614
6.0387998378428165 1.1017828580676292
6.039599837822607 1.375801914960754
6.040399837802397 -0.07068103764738355
6.041199837782187 -1.175765806619002
6.041999837761978 -1.0766524592728106
6.042799837741768 -1.4986347153934898
6.043599837721558 0.49327255473757275
6.044399837701349 -0.9964653191213705
6.045199837681139 -1.03446454756266
6.045999837660929 0.25239793682584954
6.0467998376407195 -0.42879403241891034
6.04759983762051 0.7298913290534093
6.0483998376003 0.34361777595263354
6.04919983758009 -0.10946017184427806
6.049999837559881 0.3351263188452897
6.050799837539671 1.4685301454927848
6.051599837519461 2.0453050013403504
6.052399837499252 0.5089628216715492
6.053199837479042 1.3717057870662943
6.053999837458832 1.2750717417470046
6.0547998374386225 0.8627152824584319
6.055599837418413 0.9582122346880485
6.056399837398203 0.23256224667539402
6.057199837377993 -0.013747554348439587
6.057999837357784 0.7155510482131219
6.058799837337574 -0.3810194216820659
6.059599837317364 0.15615868541811193
6.060399837297155 -0.19427631648580487
6.061199837276945 -1.098431985749274
6.061999837256735 0.8540000752070729
6.0627998372365255 -0.3846553453833473
6.063599837216316 0.48246804565875506
6.064399837196106 1.9062465058499471
6.065199837175896 0.31475787950983763
6.065999837155687 0.032617293070165476
6.066799837135477 0.0989170490944644
6.067599837115267 0.6950584191220756
6.068399837095058 1.5155292141194245
6.069199837074848 1.2806187892446712
6.069999837054638 2.723094643378744
6.0707998370344285 2.5825075555820853
6.071599837014219 1.709725067323568
6.072399836994009 2.4300800922269725
6.073199836973799 1.4099918953618225
6.07399983695359 0.3449618655580039
6.07479983693338 0.9433551691662596
6.07559983691317 1.886775608414461
6.076399836892961 5.602422709367713
6.077199836872751 3.524566411972046
6.077999836852541 2.524102653775896
6.0787998368323315 3.067341315503023
6.079599836812122 1.288591512706967
6.080399836791912 1.8254936678068978
6.081199836771702 2.2904223641570733
6.081999836751493 2.890461722198798
6.082799836731283 4.642825681336072
6.083599836711073 1.2334525195919737
6.084399836690864 1.4677861737448494
6.085199836670654 2.052796016542279
6.085999836650444 2.618360872171363
6.0867998366302345 2.07247933562921
6.087599836610025 1.917197857584272
6.088399836589815 2.409048523221697
6.089199836569605 2.347182813955813
6.089999836549396 3.2665105839164887
6.090799836529186 2.539379467769545
6.091599836508976 2.1404330397442894
6.092399836488767 2.7555861132485524
6.093199836468557 3.1747789820846246
6.093999836448347 2.2163749081747874
6.0947998364281375 0.883708402590484
6.095599836407928 1.2252417212846327
6.096399836387718 1.7491509817084487
6.097199836367508 2.7955883108839696
6.097999836347299 2.951474987730688
6.098799836327089 2.197817381547422
6.099599836306879 2.2838295016969954
6.10039983628667 2.768687294453991
6.10119983626646 3.8008135776130523
6.10199983624625 3.994536572573136
6.1027998362260405 3.2143707056434785
6.103599836205831 2.5407789945602417
6.104399836185621 1.8866190318094225
6.105199836165411 2.1365883204401754
6.105999836145202 2.471155502966472
6.106799836124992 2.343668648174831
6.107599836104782 2.4643780318449955
6.108399836084573 1.9820261381718578
6.109199836064363 2.8242889861671294
6.109999836044153 1.8088897345017414
6.1107998360239435 0.5477975251257647
6.111599836003734 1.138520558877867
6.112399835983524 1.257212486042052
6.113199835963314 2.0342411563104514
6.113999835943105 1.7374222853354044
6.114799835922895 1.6995888037645086
6.115599835902685 2.1972416614999575
6.116399835882476 1.5232266755584551
6.117199835862266 1.9938248922022022
6.117999835842056 2.416408670191862
6.1187998358218465 2.5585779632840837
6.119599835801637 2.5640546156435597
6.120399835781427 3.3013280471976922
6.121199835761217 2.1964746752791866
6.121999835741008 2.8995679118195357
6.122799835720798 2.5175443401142044
6.123599835700588 2.4823058454357847
6.124399835680379 1.7213744916477982
6.125199835660169 2.2640217348020903
6.125999835639959 2.7089693692265726
6.1267998356197495 3.8507460428743947
6.12759983559954 2.939180534713122
6.12839983557933 3.038537831330786
6.12919983555912 4.186134503812206
6.129999835538911 3.5254239476456934
6.130799835518701 3.1696925406553307
6.131599835498491 2.7705786544449476
6.132399835478282 2.9236088577581913
6.133199835458072 2.7874465374922264
6.133999835437862 1.6525056628244263
6.1347998354176525 1.911381751907115
6.135599835397443 2.0829249091294346
6.136399835377233 0.9138596238074254
6.137199835357023 0.3149301309936813
6.137999835336814 0.29578099483434034
6.138799835316604 1.3327307082339646
6.139599835296394 2.413588375461345
6.140399835276185 1.785581841760752
6.141199835255975 1.6009707429579325
6.141999835235765 0.905071556872251
6.1427998352155555 0.7581908349137829
6.143599835195346 -0.44412120962895607
6.144399835175136 0.0834203441152159
6.145199835154926 0.8360465640316204
6.145999835134717 -1.0398047049434818
6.146799835114507 -0.06518849483406057
6.147599835094297 -0.25611336810552343
6.148399835074088 -0.14687466195651463
6.149199835053878 0.5170875235023548
6.149999835033668 0.9188222784777077
6.1507998350134585 0.23740773024607678
6.151599834993249 -0.017280099799438398
6.152399834973039 -1.0688902322507026
6.153199834952829 -0.7286952890322677
6.15399983493262 -0.01231801505105532
6.15479983491241 -0.04507924963206965
6.1555998348922 -0.494567446410656
6.156399834871991 -0.6891432564553558
6.157199834851781 0.809899875704123
6.157999834831571 1.4961966641285285
6.1587998348113615 0.9591294146161906
6.159599834791152 -0.1873052224364816
6.160399834770942 0.4789452004645552
6.161199834750732 1.580023186889534
6.161999834730523 1.8342012142648503
6.162799834710313 2.7791294479856687
6.163599834690103 2.5128105684202544
6.164399834669894 1.9114335386120542
6.165199834649684 3.859406439625487
6.165999834629474 2.4577878634540404
6.1667998346092645 2.83926449822528
6.167599834589055 2.5917841179334387
6.168399834568845 1.6405046811821509
6.169199834548635 3.816557636066359
6.169999834528426 2.478149097792956
6.170799834508216 1.5321736232358583
6.171599834488006 1.6897781302734298
6.172399834467797 3.5664464648889034
6.173199834447587 4.0674506109588
6.173999834427377 2.4430617899919045
6.1747998344071675 0.8790841408986219
6.175599834386958 -0.3958106584542868
6.176399834366748 -0.3074766960831321
6.177199834346538 -0.6545687201527917
6.177999834326329 0.2968936467505231
6.178799834306119 0.6373086097289105
6.179599834285909 1.5850435872467197
6.1803998342657 2.0349855003308277
6.18119983424549 1.302768299394116
6.18199983422528 2.3106435196740285
6.1827998342050705 2.8831258622967466
6.183599834184861 1.3929913068304256
6.184399834164651 2.8189963759208214
6.185199834144441 2.3616689516573537
6.185999834124232 2.284386926767777
6.186799834104022 4.050571636277802
6.187599834083812 4.957248955356832
6.188399834063603 3.564360655083948
6.189199834043393 2.6634402034842237
6.189999834023183 1.2222173302149286
6.1907998340029735 1.099303577779507
6.191599833982764 -0.26278849318623543
6.192399833962554 1.4265186266536463
6.193199833942344 0.1592883726543918
6.193999833922135 0.20432237338046638
6.194799833901925 -0.4868208044493685
6.195599833881715 1.867728969272302
6.196399833861506 0.8769127921942546
6.197199833841296 -0.19299497432550605
6.197999833821086 -1.2762916651649439
6.1987998338008765 -1.9526229297019997
6.199599833780667 -1.0601214249523319
6.200399833760457 -1.2933345887125756
6.201199833740247 0.8239029747795086
6.201999833720038 1.1635553827319218
6.202799833699828 3.3978649438643944
6.203599833679618 2.339618899992534
6.204399833659409 0.20682430197959956
6.205199833639199 -1.4962495934902404
6.205999833618989 -2.011834709163831
6.2067998335987795 -1.0537963852248327
6.20759983357857 -0.07838676383300704
6.20839983355836 0.5146380196876672
6.20919983353815 0.2507296932138959
6.209999833517941 1.1487219146623904
6.210799833497731 1.4366372118570976
6.211599833477521 0.22375078271238172
6.212399833457312 1.0272434983326464
6.213199833437102 0.45354731976795865
6.213999833416892 0.29930392078751206
6.2147998333966825 -1.4325622263915685
6.215599833376473 -0.6029202144364921
6.216399833356263 -0.8249545956828764
6.217199833336053 1.2411182503006897
6.217999833315844 0.5968946207086651
6.218799833295634 -1.5911655289225508
6.219599833275424 -0.40758598399139484
6.220399833255215 0.8744894663021634
6.221199833235005 -1.2901809086300888
6.221999833214795 0.5038905091279623
6.2227998331945855 -0.38425371898528266
6.223599833174376 0.04817445697833081
6.224399833154166 -0.9948017318942108
6.225199833133956 -0.818470974661866
6.225999833113747 -0.08617234549352101
6.226799833093537 -0.12621723069828383
6.227599833073327 0.0065022816843524275
6.228399833053118 -0.4960448074781773
6.229199833032908 -1.291218751547288
6.229999833012698 2.3472796952237887
6.2307998329924885 3.862485723531976
6.231599832972279 7.319791110194459
6.232399832952069 8.653847606814637
6.233199832931859 8.229124516856913
6.23399983291165 7.073273315721629
6.23479983289144 6.927478922873127
6.23559983287123 6.142013814984535
6.236399832851021 4.194754786637365
6.237199832830811 3.011948692099172
6.237999832810601 4.021290904709271
6.2387998327903915 2.832179909457966
6.239599832770182 3.4150698914819833
6.240399832749972 2.8811139617951547
6.241199832729762 3.1526649606471158
6.241999832709553 3.6914486988466613
6.242799832689343 4.460003402768349
6.243599832669133 2.1144822612404823
6.244399832648924 2.2624421058868873
6.245199832628714 2.959323971855397
6.245999832608504 3.3258578214718373
6.2467998325882945 4.606757305106338
6.247599832568085 3.0531808979125046
6.248399832547875 3.2758022942105116
6.249199832527665 2.2034200597174314
6.249999832507456 1.1996617793884812
6.250799832487246 1.2856708367697287
6.251599832467036 0.27049260704816147
6.252399832446827 -0.2889921934705
6.253199832426617 -1.551147068945729
6.253999832406407 -0.6849251014313528
6.2547998323861975 0.5193376216125123
6.255599832365988 -0.1994835380844924
6.256399832345778 -1.239100611901709
6.257199832325568 -1.3552480541093617
6.257999832305359 0.17176909980421162
6.258799832285149 1.3745675010188503
6.259599832264939 2.59545437413819
6.26039983224473 2.1416541702893315
6.26119983222452 0.9865129903262976
6.26199983220431 -0.0005403040167020292
6.2627998321841005 0.4280465466483515
6.263599832163891 -0.4505317242612958
6.264399832143681 -0.7042129766576144
6.265199832123471 0.9222731114346154
6.265999832103262 0.8738315772949433
6.266799832083052 0.47302897362874785
6.267599832062842 0.1435592513607473
6.268399832042633 1.330222828047616
6.269199832022423 1.9418828727639452
6.269999832002213 2.4421675889467704
6.2707998319820035 2.600690374569017
6.271599831961794 2.622039945758119
6.272399831941584 2.8165781133028926
6.273199831921374 3.0062619654499754
6.273999831901165 2.524419069290161
6.274799831880955 3.3531532287597656
6.275599831860745 2.2262144952404257
6.276399831840536 1.6602876781657034
6.277199831820326 1.9467251446782325
6.277999831800116 0.8361243119425311
6.2787998317799065 4.486518314906529
6.279599831759697 2.7958257082773716
6.280399831739487 1.8076614457733777
6.281199831719277 2.4199178681081657
6.281999831699068 0.8418491870468977
6.282799831678858 1.4031950130450481
6.283599831658648 -0.213642134046068
6.284399831638439 1.678440816548406
6.285199831618229 2.26125798176746
6.285999831598019 2.690708793851794
6.2867998315778095 1.960791251641147
6.2875998315576 2.052335965399611
6.28839983153739 2.2491503704567344
6.28919983151718 1.6663074550427952
6.289999831496971 2.2394227044922963
6.290799831476761 2.705591105684942
6.291599831456551 0.514895282761783
6.292399831436342 1.4754938884657256
6.293199831416132 2.117773170145799
6.293999831395922 5.199580182834548
6.2947998313757125 6.592716255966498
6.295599831355503 6.318849179209495
6.296399831335293 5.299423828416941
6.297199831315083 2.4647827464707044
6.297999831294874 1.567693266333366
6.298799831274664 1.6051469433824628
6.299599831254454 2.0193969795898514
6.300399831234245 2.0198772179190905
6.301199831214035 1.3774726717751853
6.301999831193825 3.0509806676786773
6.3027998311736155 1.6857346408829397
6.303599831153406 1.6073635205322383
6.304399831133196 2.647998938755113
6.305199831112986 2.673625486237662
6.305999831092777 3.283904515967077
6.306799831072567 2.8998712082298432
6.307599831052357 2.825189620256424
6.308399831032148 1.940641674460197
6.309199831011938 1.764548617966321
6.309999830991728 2.3201420611264756
6.3107998309715185 2.325804968269504
6.311599830951309 4.257259770315521
6.312399830931099 3.96491775950607
6.313199830910889 2.2113620736161055
6.31399983089068 1.9665601600189597
6.31479983087047 0.5159415100910225
6.31559983085026 1.7943590543403918
6.316399830830051 2.74655834631044
6.317199830809841 2.216704073248013
6.317999830789631 3.5455881454506697
6.3187998307694215 2.586473391980541
6.319599830749212 0.8206747939087906
6.320399830729002 1.6703627910845134
6.321199830708792 1.1352914357914266
6.321999830688583 0.28246044251255276
6.322799830668373 0.011047893897535242
6.323599830648163 -0.5158713762553371
6.324399830627954 1.2560687823867311
6.325199830607744 1.612011604638276
6.325999830587534 0.8432536328933677
6.3267998305673245 0.9712266065370367
6.327599830547115 2.071912087956253
6.328399830526905 2.101946591722722
6.329199830506695 1.0904479081533394
6.329999830486486 2.713470594767405
6.330799830466276 1.842125033845707
6.331599830446066 1.132066162464646
6.332399830425857 -0.5317089227645905
6.333199830405647 0.7524526436261985
6.333999830385437 1.7356264203482745
6.3347998303652275 0.9970206289115001
6.335599830345018 1.116386784782291
6.336399830324808 2.3370940645738525
6.337199830304598 3.127528118843935
6.337999830284389 3.0353018823935063
6.338799830264179 1.9686926724959393
6.339599830243969 3.7599459740580343
6.34039983022376 3.6854380636799093
6.34119983020355 2.104256993653823
6.34199983018334 0.14743574024463185
6.3427998301631305 -1.5075938662095947
6.343599830142921 1.2480219034478068
6.344399830122711 2.166760135061887
6.345199830102501 1.2365491855509427
6.345999830082292 2.0258806761430233
6.346799830062082 0.9241140604551349
6.347599830041872 1.1182381971454134
6.348399830021663 0.771125151592839
6.349199830001453 2.4661467087512112
6.349999829981243 4.166588170187814
6.3507998299610335 5.876249313354492
6.351599829940824 4.016600856975633
6.352399829920614 0.9929714613993254
6.353199829900404 3.0488666587946365
6.353999829880195 1.994027924780943
6.354799829859985 2.7827988485900725
6.355599829839775 2.927863780941282
6.356399829819566 2.0335894618563506
6.357199829799356 4.015082179283609
6.357999829779146 1.1374315263285322
6.3587998297589365 0.7568253735745591
6.359599829738727 2.670135388568956
6.360399829718517 2.6718291749759597
6.361199829698307 3.6628112209086514
6.361999829678098 3.8165480409349715
6.362799829657888 5.880244439961959
6.363599829637678 5.247194742669865
6.364399829617469 5.0010139406943805
6.365199829597259 3.708887766818611
6.365999829577049 0.43081022190804386
6.3667998295568395 2.965354951060548
6.36759982953663 0.8813039143094603
6.36839982951642 1.990223811749293
6.36919982949621 3.418033993974024
6.369999829476001 1.519051132723689
6.370799829455791 1.4192995480736907
6.371599829435581 0.4931689331079928
6.372399829415372 2.6933591317157357
6.373199829395162 4.4110800927999065
6.373999829374952 5.11443279227432
6.3747998293547425 4.739985341928443
6.375599829334533 1.7391869381298215
6.376399829314323 2.343548417395475
6.377199829294113 -0.6761046142830532
6.377999829273904 2.3025370051666183
6.378799829253694 3.1785175873308766
6.379599829233484 0.9082835348969212
6.380399829213275 3.5599690189166946
6.381199829193065 1.5246852493407774
6.381999829172855 2.3653340363989073
6.3827998291526455 2.631432837369491
6.383599829132436 3.5918259766637064
6.384399829112226 3.631597733011051
6.385199829092016 2.502680705518139
6.385999829071807 4.580899657035361
6.386799829051597 4.091950557669815
6.387599829031387 3.478957111738166
6.388399829011178 1.971978220404411
6.389199828990968 2.9168776079100005
6.389999828970758 3.6949467099442774
6.3907998289505485 3.33006683417729
6.391599828930339 3.868427500432851
6.392399828910129 2.353293698661181
6.3931998288899194 2.3346232808366114
6.39399982886971 1.8694576706205095
6.3947998288495 2.457449990875867
6.39559982882929 2.616841980541239
6.396399828809081 3.550677481050394
6.397199828788871 6.322109859816882
6.397999828768661 4.054161560778716
6.3987998287484515 1.9279086659757458
6.399599828728242 2.0646232609846153
6.400399828708032 3.6768917648159727
6.4011998286878224 6.430819307054792
6.401999828667613 3.338673834898034
6.402799828647403 3.2756374125577965
6.403599828627193 1.8973492359628483
6.404399828606984 0.49939437438638845
6.405199828586774 1.99389841666027
6.405999828566564 3.129172441910724
6.4067998285463545 4.783315911584971
6.407599828526145 4.174320717247165
6.408399828505935 2.6319170971306
6.4091998284857254 2.6440277975432727
6.409999828465516 2.2838188765608534
6.410799828445306 4.947105699655961
6.411599828425096 4.541153825059229
6.412399828404887 4.786719181099716
6.413199828384677 4.4321111270359586
6.413999828364467 2.2060806791165044
6.4147998283442575 3.4478465975547326
6.415599828324048 3.2116866768622887
6.416399828303838 2.6714421218755295
6.4171998282836284 2.0195040754517732
6.417999828263419 2.602827865250257
6.418799828243209 2.5925993609185123
6.419599828222999 2.3729922906329324
6.42039982820279 2.5217409458923705
6.42119982818258 2.1935435071283456
6.42199982816237 3.0414925716361223
6.4227998281421605 3.7006566183907643
6.423599828121951 4.777006640726206
6.424399828101741 4.883117271929371
6.4251998280815315 2.9614183916425216
6.425999828061322 3.077385195663997
6.426799828041112 2.3700806059095325
6.427599828020902 3.002461559918462
6.428399828000693 3.9639549644625918
6.429199827980483 1.300127779304677
6.429999827960273 2.5561704532224305
6.4307998279400636 4.001931453237728
6.431599827919854 4.226013898849487
6.432399827899644 2.5345554035537097
6.4331998278794345 2.421720314999016
6.433999827859225 4.563005982613077
6.434799827839015 3.6271042896776784
6.435599827818805 3.573812797361491
6.436399827798596 2.463013750101839
6.437199827778386 4.357325690133231
6.437999827758176 4.6176663710146535
6.4387998277379666 1.4399108448807074
6.439599827717757 3.2593655403779476
6.440399827697547 3.2738574013418082
6.4411998276773375 4.61641829840991
6.441999827657128 2.8897356330131996
6.442799827636918 4.910829539201697
6.443599827616708 5.9137009455233205
6.444399827596499 4.3938610115829775
6.445199827576289 5.182152791899078
6.445999827556079 2.8168820440769196
6.4467998275358696 3.7105883140953217
6.44759982751566 3.641124725341797
6.44839982749545 2.7062402428412926
6.4491998274752405 3.4097530184959877
6.449999827455031 2.7232474806357403
6.450799827434821 4.055887217424353
6.451599827414611 4.495446312184236
6.452399827394402 3.886513364558317
6.453199827374192 3.9820870623296623
6.453999827353982 2.858333484934909
6.4547998273337726 2.2913786854823024
6.455599827313563 3.51652776465124
6.456399827293353 4.160980433833842
6.4571998272731435 3.2295923877735526
6.457999827252934 2.61371196532736
6.458799827232724 3.4874739269821013
6.459599827212514 4.061895331557916
6.460399827192305 4.6328263331432735
6.461199827172095 3.134775804013622
6.461999827151885 6.148540623333989
6.462799827131676 6.363643364030487
6.463599827111466 7.076423080600038
6.464399827091256 5.860747424923644
6.4651998270710465 4.813775077158091
6.465999827050837 6.13047500045932
6.466799827030627 5.064630026720008
6.467599827010417 5.8563925927999065
6.468399826990208 6.764531670784463
6.469199826969998 5.161819399619589
6.469999826949788 5.688335146222796
6.470799826929579 6.358878184338005
6.471599826909369 5.459448259703967
6.472399826889159 4.267537396781298
6.4731998268689495 5.690861682502591
6.47399982684874 5.857693681911546
6.47479982682853 5.527941324272934
6.47559982680832 5.980609134751923
6.476399826788111 4.532282680881266
6.477199826767901 5.46406948809721
6.477999826747691 5.017182637234123
6.478799826727482 4.969551478113447
6.479599826707272 7.175771596480389
6.480399826687062 5.887778749271315
6.4811998266668525 5.050966257951697
6.481999826646643 6.813739650103511
6.482799826626433 5.5885913809951475
6.483599826606223 4.865134533570737
6.484399826586014 5.077503705511288
6.485199826565804 7.448454564931441
6.485999826545594 6.848549516833558
6.486799826525385 7.580104200207457
6.487599826505175 5.138071254808075
6.488399826484965 5.752916331193885
6.4891998264647555 4.016029027043556
6.489999826444546 5.625646323573832
6.490799826424336 6.283237087483308
6.491599826404126 5.497058031510334
6.492399826383917 5.872175377242419
6.493199826363707 6.980282277477031
6.493999826343497 7.410174126527747
6.494799826323288 6.132087877818516
6.495599826303078 5.704296744599635
6.496399826282868 6.0804963793073386
6.4971998262626585 7.675423417772565
6.497999826242449 8.421892818139524
6.498799826222239 7.110920215139584
6.499599826202029 7.773464913270911
6.50039982618182 7.501588130483822
6.50119982616161 6.460758501169633
6.5019998261414 6.7712098433046926
6.502799826121191 6.429083872814568
6.503599826100981 5.70876838236439
6.504399826080771 4.403381201685692
6.5051998260605615 3.541951503072466
6.505999826040352 4.9186404067642835
6.506799826020142 5.223508056329221
6.507599825999932 5.171571483417433
6.508399825979723 5.246097068397367
6.509199825959513 4.284453766686576
6.509999825939303 4.37261270990177
6.510799825919094 3.9423533118501
6.511599825898884 5.475930428018375
6.512399825878674 3.698216842145336
6.5131998258584645 4.862114804131644
6.513999825838255 5.090385534325424
6.514799825818045 3.1724060457579943
6.515599825797835 4.040625153755655
6.516399825777626 5.911497962718108
6.517199825757416 3.5051929658772996
6.517999825737206 6.152834026180968
6.518799825716997 6.876980139284718
6.519599825696787 8.009793301017917
6.520399825676577 8.17992775780814
6.5211998256563675 6.280722569446175
6.521999825636158 4.71890554622728
6.522799825615948 7.250677575870436
6.523599825595738 3.5855009750444062
6.524399825575529 2.5240531910438926
6.525199825555319 0.6573715903053811
6.525999825535109 2.931987094635866
6.5267998255149 4.4185662561533405
6.52759982549469 4.066916879342527
6.52839982547448 5.604784318378994
6.5291998254542705 4.560249756793587
6.529999825434061 5.052515458087532
6.530799825413851 5.314149447849819
6.531599825393641 4.691896715942694
6.532399825373432 5.210439360871607
6.533199825353222 4.511294681198743
6.533999825333012 4.044116336472181
6.534799825312803 5.731480724957525
6.535599825292593 4.148160497752988
6.536399825272383 3.544596408094679
6.5371998252521735 5.132700015087517
6.537999825231964 2.6738964878782934
6.538799825211754 2.671891854733837
6.539599825191544 2.441778044653486
6.540399825171335 3.6739712953567505
6.541199825151125 3.158136838552903
6.541999825130915 2.19155794990306
6.542799825110706 2.193942411213505
6.543599825090496 2.842155188930278
6.544399825070286 1.957494640532805
6.5451998250500765 1.954164966256643
6.545999825029867 0.9194864612452838
6.546799825009657 1.9997289843705235
6.547599824989447 2.482057510285961
6.548399824969238 3.5416851432955996
6.549199824949028 3.7861107855427023
6.549999824928818 4.529775901716583
6.550799824908609 4.036168220091839
6.551599824888399 4.272636523052138
6.552399824868189 3.1410025747454897
6.5531998248479795 2.7153840989482645
6.55399982482777 3.408099636739614
6.55479982480756 5.295138738593277
6.55559982478735 6.072893872552989
6.556399824767141 5.485128417307017
6.557199824746931 4.0830777032034735
6.557999824726721 6.796393170648692
6.558799824706512 7.136404095863809
6.559599824686302 7.089764507449403
6.560399824666092 6.054065689748647
6.5611998246458825 6.450836420059204
6.561999824625673 6.444526171197697
6.562799824605463 5.158182309598339
6.563599824585253 3.9866074299325747
6.564399824565044 3.6889135180687416
6.565199824544834 5.048948185784476
6.565999824524624 5.231062222500237
6.566799824504415 4.7502308475727935
6.567599824484205 3.3991275916294175
6.568399824463995 2.6069462384496416
6.5691998244437855 3.9575834614889964
6.569999824423576 4.870451241123433
6.570799824403366 3.4606867225802675
6.571599824383156 4.266091765189658
6.572399824362947 3.9072322796802132
6.573199824342737 3.87161001380609
6.573999824322527 4.100972929779364
6.574799824302318 4.640196634798634
6.575599824282108 5.960648916205582
6.576399824261898 6.052303051461979
6.5771998242416885 4.663616744839415
6.577999824221479 3.5463716107971814
6.578799824201269 3.678638443654897
6.579599824181059 4.606705509886449
6.58039982416085 5.324444089617048
6.58119982414064 5.5590269711552835
6.58199982412043 5.282839483144332
6.582799824100221 5.270608104005152
6.583599824080011 6.541963489688173
6.584399824059801 6.399915305935607
6.5851998240395915 4.307676432084064
6.585999824019382 5.16793612071446
6.586799823999172 5.750633979330257
6.587599823978962 5.745424158719121
6.588399823958753 4.761623601524198
6.589199823938543 3.966092961175101
6.589999823918333 5.872041624419543
6.590799823898124 4.971796984575232
6.591599823877914 2.9396780291382147
6.592399823857704 4.673445745390289
6.5931998238374945 3.7218006484362545
6.593999823817285 5.346315009253366
6.594799823797075 5.270240978318817
6.595599823776865 5.443380968911307
6.596399823756656 5.192565008085602
6.597199823736446 6.339359492671733
6.597999823716236 6.146682106718725
6.598799823696027 6.128464942075769
6.599599823675817 6.394854837534379
6.600399823655607 4.9595480500435345
6.6011998236353975 5.827041961708847
6.601999823615188 5.417337753334824
6.602799823594978 5.620332805477843
6.603599823574768 5.194953548664949
6.604399823554559 5.694613724338765
6.605199823534349 5.160656634642153
6.605999823514139 4.605700591389014
6.60679982349393 2.3317162605876827
6.60759982347372 2.709743466912484
6.60839982345351 5.078846751427164
6.6091998234333005 5.076184117064184
6.609999823413091 4.727808159224841
6.610799823392881 5.728686337568322
6.611599823372671 6.604656623334301
6.612399823352462 5.349731513432094
6.613199823332252 5.326200592274568
6.613999823312042 4.668595192383747
6.614799823291833 3.9756291253226146
6.615599823271623 4.484956585631078
6.616399823251413 4.635875220201453
6.6171998232312035 5.073139939989362
6.617999823210994 5.907361191146228
6.618799823190784 4.867717582352308
6.619599823170574 4.959928478513445
6.620399823150365 4.437572133784392
6.621199823130155 4.82166098818487
6.621999823109945 3.8001579342752088
6.622799823089736 4.472569874354771
6.623599823069526 4.086579867771694
6.624399823049316 5.432817755913248
6.6251998230291065 5.960737530066043
6.625999823008897 3.9164283032319984
6.626799822988687 3.451312342468573
6.627599822968477 3.4362837003201854
6.628399822948268 2.7076920015471324
6.629199822928058 0.959360886745307
6.629999822907848 0.9446238477011116
