4.900400095357327 5.673334489266078
4.901200095337117 4.969410901268323
4.902000095316907 5.240571806828181
4.902800095296698 7.821789383888245
4.903600095276488 7.8620731929938
4.904400095256278 6.722988714774449
4.905200095236069 8.017033696174622
4.906000095215859 8.11200616757075
4.906800095195649 6.352581759293874
4.9076000951754395 4.0741085310777025
4.90840009515523 3.5680247681836286
4.90920009513502 3.865837829808394
4.91000009511481 5.047131021817525
4.910800095094601 4.3803683668375015
4.911600095074391 3.742599116327862
4.912400095054181 6.650657306114833
4.913200095033972 6.082524249951045
4.914000095013762 4.639463777343432
4.914800094993552 3.8812516629695892
4.9156000949733425 3.3426374892393746
4.916400094953133 4.826797584692637
4.917200094932923 5.87258596221606
4.918000094912713 5.817104419072469
4.918800094892504 5.809833616018295
4.919600094872294 4.647480085492134
4.920400094852084 5.251168395082156
4.921200094831875 5.5690804322560625
4.922000094811665 5.8562182287375135
4.922800094791455 5.92191818356514
4.9236000947712455 6.378217180569966
4.924400094751036 6.166345288356145
4.925200094730826 6.50857874751091
4.926000094710616 7.6597534120082855
4.926800094690407 8.376947631438574
4.927600094670197 7.827026665210724
4.928400094649987 6.6901543736457825
4.929200094629778 4.979479009906451
4.930000094609568 5.648862426479657
4.930800094589358 6.150092750787735
4.9316000945691485 6.752913981676102
4.932400094548939 6.461154212554296
4.933200094528729 7.70555638273557
4.934000094508519 7.653959095478058
4.93480009448831 5.86812121172746
4.9356000944681 5.308331340551376
4.93640009444789 4.035316616296768
4.937200094427681 3.827513280014197
4.938000094407471 5.566876341899236
4.938800094387261 4.774154394865036
4.9396000943670515 4.8647846927245455
4.940400094346842 5.8763643602530165
4.941200094326632 5.349340612689654
4.942000094306422 5.256052071849505
4.942800094286213 6.831143274903297
4.943600094266003 5.44446977476279
4.944400094245793 4.469685733318329
4.945200094225584 3.963929114242395
4.946000094205374 5.115817576646805
4.946800094185164 5.514261295398076
4.9476000941649545 4.262075302501519
4.948400094144745 5.637619594732921
4.949200094124535 5.000144730011622
4.950000094104325 5.078786348303159
4.950800094084116 6.580578923225403
4.951600094063906 5.452144185702006
4.952400094043696 7.459553599357605
4.953200094023487 6.599152982234955
4.954000094003277 6.484634548425674
4.954800093983067 6.660003830989202
4.9556000939628575 4.105334435900052
4.956400093942648 4.54647654791673
4.957200093922438 4.379344766338666
4.958000093902228 5.488148108124733
4.958800093882019 3.9106777186195054
4.959600093861809 5.672270685434341
4.960400093841599 5.933589955170949
4.96120009382139 3.631991853316625
4.96200009380118 6.661400516827901
4.96280009378097 5.389953538775444
4.9636000937607605 3.7877379581332207
4.964400093740551 4.493929664293925
4.965200093720341 5.708005314071973
4.966000093700131 6.278413524230321
4.966800093679922 5.051147575179736
4.967600093659712 5.773729453484218
4.968400093639502 5.467505206664403
4.969200093619293 5.061083113153775
4.970000093599083 4.266513774792354
4.970800093578873 5.5219250669082
4.9716000935586635 3.8237323984503746
4.972400093538454 3.8243840287129083
4.973200093518244 4.391271551450093
4.974000093498034 3.6959578469395638
4.974800093477825 5.599731723467509
4.975600093457615 4.4368585993846255
4.976400093437405 5.203729386130969
4.977200093417196 4.967336268474658
4.978000093396986 4.611026239891847
4.978800093376776 5.961682508389155
4.9796000933565665 5.010075201590856
4.980400093336357 5.773706431190173
4.981200093316147 5.611892014741898
4.982000093295937 5.247958992918332
4.982800093275728 6.64836706717809
4.983600093255518 6.249889920155208
4.984400093235308 6.420981605847676
4.985200093215099 4.487976402044296
4.986000093194889 5.710250422358513
4.986800093174679 5.821602960427602
4.9876000931544695 6.2731698503096895
4.98840009313426 6.084414581457774
4.98920009311405 7.550564914941788
4.99000009309384 8.804963181416193
4.990800093073631 8.75605305035909
4.991600093053421 7.223491648832957
4.992400093033211 7.882538139820099
4.993200093013002 7.241976747910182
4.994000092992792 8.036834468444189
4.994800092972582 7.693498452504476
4.9956000929523725 10.009959975878397
4.996400092932163 7.93409710129102
4.997200092911953 7.420826445023219
4.998000092891743 8.91635231177012
4.998800092871534 7.274821350971858
4.999600092851324 8.353861192862192
5.000400092831114 8.613329539696375
5.001200092810905 9.93706531325976
5.002000092790695 7.497691512107849
5.002800092770485 7.0679982503255205
5.0036000927502755 7.9328327079614
5.004400092730066 6.171270042657852
5.005200092709856 6.436390250921249
5.006000092689646 6.491960108280182
5.006800092669437 6.550702353318532
5.007600092649227 7.382927656173706
5.008400092629017 5.098773700495561
5.009200092608808 6.336105972528458
5.010000092588598 5.811762670675914
5.010800092568388 6.797024955352147
5.0116000925481785 6.725137174129486
5.012400092527969 6.161994074781735
5.013200092507759 7.866399923960368
5.014000092487549 7.021606703599294
5.01480009246734 6.215527981519699
5.01560009244713 5.6531596382459
5.01640009242692 5.278580481807391
5.017200092406711 6.233512153228124
5.018000092386501 6.404727642734845
5.018800092366291 7.4248548944791155
5.0196000923460815 5.835123668114345
5.020400092325872 5.982856194178264
5.021200092305662 5.926114151875178
5.022000092285452 4.981350128849347
5.022800092265243 5.81486361225446
5.023600092245033 5.831478958328565
5.024400092224823 6.350858201583226
5.025200092204614 5.414683868487676
5.026000092184404 5.754631782571475
5.026800092164194 7.869825075070064
5.0276000921439845 7.03312145670255
5.028400092123775 6.178162604570389
5.029200092103565 4.339323128263156
5.030000092083355 5.6608481506506605
5.030800092063146 6.591939469178517
5.031600092042936 7.3268312613169355
5.032400092022726 6.280346055825551
5.033200092002517 4.965738107760747
5.034000091982307 6.876114914814631
5.034800091962097 6.943322281042735
5.0356000919418875 6.8199179371198015
5.036400091921678 6.642477959394455
5.037200091901468 4.592647468050321
5.038000091881258 6.500535701711972
5.038800091861049 7.399324715137482
5.039600091840839 9.180269618829092
5.040400091820629 9.128728906313578
5.04120009180042 6.118168284495671
5.04200009178021 6.559002031882604
5.04280009176 7.215356310208638
5.0436000917397905 6.074407557646434
5.044400091719581 5.8159991552432375
5.045200091699371 7.630068252484004
5.046000091679161 6.722464710474014
5.046800091658952 5.807145853837331
5.047600091638742 6.101456632216771
5.048400091618532 5.488273873925209
5.049200091598323 6.768679141998291
5.050000091578113 8.180542916059494
5.050800091557903 8.409220268328985
5.0516000915376935 6.252449264129003
5.052400091517484 6.176178053021431
5.053200091497274 6.56900813182195
5.054000091477064 6.357234368721644
5.054800091456855 5.997386187314987
5.055600091436645 6.082711686690648
5.056400091416435 5.47023091216882
5.057200091396226 5.250272949536641
5.058000091376016 4.974442422389984
5.058800091355806 5.178998569647471
5.0596000913355965 6.1033219794432325
5.060400091315387 7.058358520269394
5.061200091295177 6.422590325276057
5.062000091274967 7.293147722880046
5.062800091254758 5.541231860717137
5.063600091234548 4.65446816633145
5.064400091214338 5.2502656280994415
5.065200091194129 6.436639527479808
5.066000091173919 6.534240394830704
5.066800091153709 6.1886937121550245
5.0676000911334995 7.42593855659167
5.06840009111329 7.39396995306015
5.06920009109308 5.045021653175354
5.07000009107287 5.560250421365102
5.070800091052661 5.735978325208028
5.071600091032451 6.803275456031163
5.072400091012241 5.045917977889379
5.073200090992032 6.112092177073161
5.074000090971822 7.013279626766841
5.074800090951612 7.537921905517578
5.0756000909314025 6.734297166268031
5.076400090911193 7.1544472972551985
5.077200090890983 5.6509222239255905
5.078000090870773 5.855785419543584
5.078800090850564 6.740023563305537
5.079600090830354 8.24175418416659
5.080400090810144 8.22717159986496
5.081200090789935 7.91840132077535
5.082000090769725 8.015675793091456
5.082800090749515 7.458627204100291
5.0836000907293055 8.450113664070765
5.084400090709096 7.740545839071274
5.085200090688886 7.548231293757756
5.086000090668676 7.9672199587027235
5.086800090648467 7.4647790392239886
5.087600090628257 8.696909874677658
5.088400090608047 8.58805721004804
5.089200090587838 9.120938102404276
5.090000090567628 6.986615300178528
5.090800090547418 5.406160056591034
5.0916000905272085 6.560955534378688
5.092400090506999 5.76698084672292
5.093200090486789 6.452450186014175
5.094000090466579 5.912832443912824
5.09480009044637 6.036570037404696
5.09560009042616 5.65215923388799
5.09640009040595 6.473501314719518
5.097200090385741 5.8120143810908
5.098000090365531 5.9264988998572035
5.098800090345321 5.561480114857356
5.0996000903251115 4.438336074352264
5.100400090304902 7.153410265843074
5.101200090284692 7.283227612574895
5.102000090264482 5.897091433405876
5.102800090244273 7.75453261534373
5.103600090224063 8.558643758296967
5.104400090203853 8.480407615502676
5.105200090183644 7.964980751276016
5.106000090163434 6.697244207064311
5.106800090143224 6.082691897948583
5.1076000901230145 5.588870137929916
5.108400090102805 4.654322559634845
5.109200090082595 4.745502809683482
5.110000090062385 3.5014717107017836
5.110800090042176 5.487587158878644
5.111600090021966 6.691465864578883
5.112400090001756 5.695724368095398
5.113200089981547 4.591480682293574
5.114000089961337 5.364387144645055
5.114800089941127 3.429671987891197
5.1156000899209175 4.221456507841746
5.116400089900708 3.2587039495507875
5.117200089880498 5.3432014137506485
5.118000089860288 6.91198347012202
5.118800089840079 5.161148642500241
5.119600089819869 6.345523685216904
5.120400089799659 4.932256642729044
5.12120008977945 5.520947208007176
5.12200008975924 5.04770412047704
5.12280008973903 4.662146558364232
5.1236000897188205 4.894768590728442
5.124400089698611 5.34597979982694
5.125200089678401 4.356969142953555
5.126000089658191 4.829890122016271
5.126800089637982 6.003169616063436
5.127600089617772 7.306702931722005
5.128400089597562 5.320383071899414
5.129200089577353 5.040059054891269
5.130000089557143 3.838205816845099
5.130800089536933 5.261958921949069
5.1316000895167235 4.893940806388855
5.132400089496514 4.93228605389595
5.133200089476304 6.2310769359270735
5.134000089456094 7.6014659106731415
5.134800089435885 6.679812411467235
5.135600089415675 4.232008660833041
5.136400089395465 5.683389768004417
5.137200089375256 5.372883826494217
5.138000089355046 4.648367017507553
5.138800089334836 6.087783609827359
5.1396000893146265 6.472965439160665
5.140400089294417 6.5020085871219635
5.141200089274207 5.082767014702161
5.142000089253997 6.322547922531764
5.142800089233788 5.23289533952872
5.143600089213578 7.942045559485753
5.144400089193368 7.443817506233851
5.145200089173159 7.41340497136116
5.146000089152949 7.325141881903012
5.146800089132739 5.4644976158936815
5.1476000891125295 3.865409920612971
5.14840008909232 1.8860178866113226
5.14920008907211 5.24803863465786
5.1500000890519 4.833505521217982
5.150800089031691 4.152560293674469
5.151600089011481 5.338813399275144
5.152400088991271 5.736629908283551
5.153200088971062 5.4859574139118195
5.154000088950852 4.15402830640475
5.154800088930642 8.541631639003754
5.1556000889104325 7.200273593266805
5.156400088890223 7.566421091556549
5.157200088870013 6.883422474066417
5.158000088849803 6.311419263482094
5.158800088829594 6.631421556075414
5.159600088809384 5.888535251220067
5.160400088789174 4.990324800213178
5.161200088768965 6.134468972682953
5.162000088748755 8.944478789965311
5.162800088728545 6.829443464676539
5.1636000887083355 6.229308466116588
5.164400088688126 5.455292105674744
5.165200088667916 5.582749476035436
5.166000088647706 5.075428530573845
5.166800088627497 4.560580675800641
5.167600088607287 5.775542539854844
5.168400088587077 5.2634280025959015
5.169200088566868 5.694502303997676
5.170000088546658 6.5065572907527285
5.170800088526448 6.681457057595253
5.1716000885062385 3.527859459631145
5.172400088486029 4.883818730711937
5.173200088465819 7.653144131104152
5.174000088445609 4.235260317722957
5.1748000884254 4.568580041329066
5.17560008840519 5.483848586678505
5.17640008838498 5.771309996644656
5.177200088364771 5.788502837220828
5.178000088344561 5.9182611008485155
5.178800088324351 4.803159316380818
5.1796000883041415 5.402362545331319
5.180400088283932 8.049166272083918
5.181200088263722 6.164784510930379
5.182000088243512 6.783878192305565
5.182800088223303 6.14211084942023
5.183600088203093 5.616237958272298
5.184400088182883 5.5152503699064255
5.185200088162674 5.672182942430179
5.186000088142464 5.621451412638028
5.186800088122254 5.267907013495763
5.1876000881020445 6.774074822664261
5.188400088081835 5.547972540060679
5.189200088061625 5.717479934295018
5.190000088041415 5.965276579062144
5.190800088021206 6.32700647910436
5.191600088000996 5.571532527605693
5.192400087980786 5.737780074278514
5.193200087960577 6.62092062830925
5.194000087940367 4.591959555943807
5.194800087920157 6.261769771575928
5.1956000878999475 6.496028184890747
5.196400087879738 5.793275833129883
5.197200087859528 5.677188341816266
5.198000087839318 6.074050803979238
5.198800087819109 5.416481137275696
5.199600087798899 4.333434601624806
5.200400087778689 5.372091010212898
5.20120008775848 4.270595381657283
5.20200008773827 4.655879020690918
5.20280008771806 4.7010350823402405
5.2036000876978505 3.915160129467646
5.204400087677641 5.81854326526324
5.205200087657431 4.595012073715528
5.206000087637221 4.3936987817287445
5.206800087617012 4.115552701056004
5.207600087596802 4.475687017043431
5.208400087576592 3.800545727213224
5.209200087556383 2.644054147104422
5.210000087536173 1.8587567682067554
5.210800087515963 2.1353287994861603
5.2116000874957535 4.022067536910375
5.212400087475544 3.9922210524479547
5.213200087455334 3.5258094974172614
5.214000087435124 2.2852004760255418
5.214800087414915 3.297538055727879
5.215600087394705 2.897829602162043
5.216400087374495 5.5525606373945875
5.217200087354286 5.687413687507312
5.218000087334076 4.0167050659656525
5.218800087313866 2.075614364196857
5.2196000872936565 2.5445928437014422
5.220400087273447 3.335047925511996
5.221200087253237 4.898225252827008
5.222000087233027 5.115365798274676
5.222800087212818 2.7268803790211678
5.223600087192608 2.7311192229390144
5.224400087172398 3.775490035613378
5.225200087152189 4.227918796241283
5.226000087131979 5.322094092766444
5.226800087111769 5.146934265891711
5.2276000870915595 6.595475971698761
5.22840008707135 3.6247708847125373
5.22920008705114 7.182620445887248
5.2300000870309304 5.682272911071777
5.230800087010721 6.040387074152629
5.231600086990511 4.340304161111514
5.232400086970301 4.1772115379571915
5.233200086950092 4.732051442066829
5.234000086929882 4.418881336847941
5.234800086909672 6.086050733923912
5.2356000868894625 4.505879342556
5.236400086869253 6.100315322478612
5.237200086849043 5.236779714624087
5.2380000868288334 5.615162352720897
5.238800086808624 4.728531718254089
5.239600086788414 4.171249449253082
5.240400086768204 4.280465371906757
5.241200086747995 4.079709127545357
5.242000086727785 5.53800514837106
5.242800086707575 6.035702705383301
5.2436000866873655 6.455925857027371
5.244400086667156 6.820711036523183
5.245200086646946 7.000154743591945
5.2460000866267364 5.879582991202672
5.246800086606527 5.5060551563898725
5.247600086586317 4.715249697367351
5.248400086566107 5.193847785393397
5.249200086545898 7.5080946286519366
5.250000086525688 5.818560391664505
5.250800086505478 8.602826654911041
5.2516000864852685 4.422190606594086
5.252400086465059 5.9917866835991545
5.253200086444849 5.944721440474193
5.2540000864246394 7.591571142276128
5.25480008640443 7.3603857556978864
5.25560008638422 7.324453155199687
5.25640008636401 7.789739181598027
5.257200086343801 7.551657070716222
5.258000086323591 6.1479529937108355
5.258800086303381 6.265490581591924
5.2596000862831715 8.901502331097921
5.260400086262962 5.402019426226616
5.261200086242752 9.458229412635168
5.2620000862225424 7.350543767213821
5.262800086202333 5.489888429641724
5.263600086182123 5.6596566041310625
5.264400086161913 5.506140172481537
5.265200086141704 7.473434895277023
5.266000086121494 5.928702255090077
5.266800086101284 7.761944780747096
5.2676000860810746 8.141232858101526
5.268400086060865 10.350838472445806
5.269200086040655 6.646808425585429
5.2700000860204455 7.904106676578522
5.270800086000236 6.955108851194382
5.271600085980026 6.7495874265829725
5.272400085959816 5.51121324300766
5.273200085939607 5.121134504675865
5.274000085919397 7.188357969125112
5.274800085899187 5.049772173166275
5.2756000858789776 5.236518308520317
5.276400085858768 4.266401807467143
5.277200085838558 5.671792710820834
5.2780000858183485 6.299611389636993
5.278800085798139 4.68959857026736
5.279600085777929 5.293308491508166
5.280400085757719 5.282387852668762
5.28120008573751 7.023611783981323
5.2820000857173 4.0475033819675446
5.28280008569709 5.5365216583013535
5.2836000856768806 4.950966750582059
5.284400085656671 7.172746062278748
5.285200085636461 7.086224903662999
5.2860000856162515 6.538229902585347
5.286800085596042 4.960782304406166
5.287600085575832 3.7829404373963675
5.288400085555622 5.720225244760513
5.289200085535413 4.487871175010999
5.290000085515203 3.7660175065199533
5.290800085494993 2.9992368519306183
5.2916000854747836 4.342185869812965
5.292400085454574 6.070361082752545
5.293200085434364 8.347015698750814
5.2940000854141545 8.345124304294586
5.294800085393945 6.089470699429512
5.295600085373735 4.996332223216693
5.296400085353525 4.510428657134374
5.297200085333316 4.7084178278843565
5.298000085313106 4.047965159018834
5.298800085292896 5.380233064293861
5.299600085272687 4.608230824271838
5.300400085252477 4.957005118330319
5.301200085232267 3.8732493594288826
5.3020000852120575 3.4202471300959587
5.302800085191848 4.264877910415332
5.303600085171638 6.260279541214307
5.304400085151428 4.665548433860143
5.305200085131219 4.038515622417132
5.306000085111009 5.68003723025322
5.306800085090799 6.950959910949071
5.30760008507059 6.9682508409023285
5.30840008505038 6.284274190664291
5.30920008503017 7.589381684859593
5.3100000850099605 7.629104693730672
5.310800084989751 4.801716643075149
5.311600084969541 5.7591996391614275
5.312400084949331 4.127531463901202
5.313200084929122 2.1970561464938023
5.314000084908912 1.9707918787995975
5.314800084888702 3.2829252729813256
5.315600084868493 2.5312836468219757
5.316400084848283 4.408977483709653
5.317200084828073 5.701295266548793
5.3180000848078635 4.740130886435509
5.318800084787654 4.170283108949661
5.319600084767444 3.9716539507110915
5.320400084747234 3.006773553788662
5.321200084727025 2.3500731363892555
5.322000084706815 4.638756255308787
5.322800084686605 2.6059430688619614
5.323600084666396 4.139165222644806
5.324400084646186 3.3765949606895447
5.325200084625976 4.906262869636218
5.3260000846057665 4.755216474334399
5.326800084585557 5.681545769174893
5.327600084565347 5.5681774616241455
5.328400084545137 2.228601474314928
5.329200084524928 2.6873097543915114
5.330000084504718 1.9152343890164047
5.330800084484508 4.3544184019168215
5.331600084464299 3.276179812848568
5.332400084444089 2.8329175753266704
5.333200084423879 1.254790736939564
5.3340000844036695 3.599265751739343
5.33480008438346 4.8157264093558
5.33560008436325 5.4481148819128675
5.33640008434304 6.1790784796079
5.337200084322831 6.9731563329696655
5.338000084302621 5.393627444903056
5.338800084282411 2.711192018042008
5.339600084262202 3.7053889855742455
5.340400084241992 4.055292770266533
5.341200084221782 5.334351261456807
5.3420000842015725 4.661639258265495
5.342800084181363 2.85430681395034
5.343600084161153 4.034345497687657
5.344400084140943 5.651444971561432
5.345200084120734 5.182910958925883
5.346000084100524 4.421917264660199
5.346800084080314 4.825494326651096
5.347600084060105 5.137393991152446
5.348400084039895 5.725232775012652
5.349200084019685 4.575599779685338
5.3500000839994755 4.462644671400388
5.350800083979266 3.0233723322550454
5.351600083959056 3.9654497231046357
5.352400083938846 3.9230740492542586
5.353200083918637 4.83716335395972
5.354000083898427 5.666366219520569
5.354800083878217 5.666850755612056
5.355600083858008 5.6058542132377625
5.356400083837798 6.129334802428882
5.357200083817588 7.05858388543129
5.3580000837973785 4.1530649562676745
5.358800083777169 4.539793998003006
5.359600083756959 5.763674149910609
5.360400083736749 6.645197153091431
5.36120008371654 5.1556442479292555
5.36200008369633 4.005690445502599
5.36280008367612 4.994095894197623
5.363600083655911 4.616456444064776
5.364400083635701 4.545733168721199
5.365200083615491 3.8050976836433015
5.3660000835952815 4.231915928423405
5.366800083575072 2.944987611224254
5.367600083554862 6.111203412214915
5.368400083534652 8.464114690820375
5.369200083514443 8.746741940577826
5.370000083494233 8.543049732844034
5.370800083474023 8.993652671575546
5.371600083453814 7.0726530601580935
5.372400083433604 4.590886923174064
5.373200083413394 6.531116445859273
5.3740000833931845 6.441029906272888
5.374800083372975 5.541780576109886
5.375600083352765 4.699275965491931
5.376400083332555 5.98191924393177
5.377200083312346 5.690934653083484
5.378000083292136 6.706272602081299
5.378800083271926 6.212358211477597
5.379600083251717 6.520535444219907
5.380400083231507 6.507466291387876
5.381200083211297 5.2051806797583895
5.3820000831910875 4.156908120959997
5.382800083170878 5.22272993127505
5.383600083150668 7.0429794291655226
5.384400083130458 4.739938513686259
5.385200083110249 6.064505189657211
5.386000083090039 6.6180240114529925
5.386800083069829 6.211042145888011
5.38760008304962 4.86807855963707
5.38840008302941 6.640103697776794
5.3892000830092 4.73895684381326
5.3900000829889905 5.92734935383002
5.390800082968781 6.245010867714882
5.391600082948571 5.380465562144916
5.392400082928361 4.984610910216968
5.393200082908152 5.595318118731181
5.394000082887942 6.1433582206567126
5.394800082867732 5.669104819496472
5.395600082847523 5.21419473985831
5.396400082827313 1.4744223568316859
5.397200082807103 3.170989142206963
5.3980000827868935 3.8785774496694407
5.398800082766684 6.116463830073674
5.399600082746474 4.999391250312328
5.400400082726264 6.066490272680919
5.401200082706055 4.32233460744222
5.402000082685845 5.499847163756688
5.402800082665635 5.988098273674647
5.403600082645426 6.017998456954956
5.404400082625216 6.378048410018285
5.405200082605006 5.008131444454193
5.4060000825847965 4.395419767747323
5.406800082564587 5.455178797245026
5.407600082544377 6.633988032738368
5.408400082524167 5.721596876780192
5.409200082503958 5.380228569110234
5.410000082483748 3.64752896130085
5.410800082463538 4.868938600023587
5.411600082443329 5.074723909298579
5.412400082423119 5.511921266714732
5.413200082402909 3.2167695611715317
5.4140000823826995 3.706217055519422
5.41480008236249 5.068507358431816
5.41560008234228 3.926694005727768
5.41640008232207 5.513954111685355
5.417200082301861 7.007263859113057
5.418000082281651 7.7436830053726835
5.418800082261441 7.9041884044806165
5.419600082241232 5.900402188301086
5.420400082221022 4.857832690080007
5.421200082200812 5.093573565284411
5.4220000821806025 5.449056660135587
5.422800082160393 6.957941859960556
5.423600082140183 6.556559676925342
5.424400082119973 4.710722277561824
5.425200082099764 5.470409741004308
5.426000082079554 6.560379485289256
5.426800082059344 6.462756981452306
5.427600082039135 7.322580188512802
5.428400082018925 8.456755737463633
5.429200081998715 7.2957669496536255
5.4300000819785055 8.1397102723519
5.430800081958296 6.234648485978444
5.431600081938086 6.905765215555827
5.432400081917876 6.627036054929097
5.433200081897667 6.1921918739875155
5.434000081877457 4.124896630644798
5.434800081857247 4.500942329565684
5.435600081837038 4.290052841107051
5.436400081816828 5.699957435329755
5.437200081796618 5.2426380316416425
5.4380000817764085 5.242231557766597
5.438800081756199 5.824327975511551
5.439600081735989 5.082850605249405
5.440400081715779 5.0957375566164655
5.44120008169557 5.865037287274997
5.44200008167536 5.886828288435936
5.44280008165515 5.929586897293727
5.443600081634941 6.460466802120209
5.444400081614731 6.391768445571263
5.445200081594521 9.545169244209925
5.4460000815743115 7.816638549168904
5.446800081554102 9.55384960770607
5.447600081533892 8.133547822634378
5.448400081513682 10.227491368850073
5.449200081493473 9.104065497716268
5.450000081473263 13.630735754966736
5.450800081453053 14.443538983662924
5.451600081432844 13.751233845949173
5.452400081412634 9.950540135304133
5.453200081392424 10.04435870051384
5.4540000813722145 9.324353396892548
5.454800081352005 7.9194295307000475
5.455600081331795 9.984941631555557
5.456400081311585 8.293491760889689
5.457200081291376 8.406183342138926
5.458000081271166 8.857452789942423
5.458800081250956 11.263618538777033
5.459600081230747 7.804350346326828
5.460400081210537 10.579296876986822
5.461200081190327 9.177807579437891
5.4620000811701175 9.153836538394293
5.462800081149908 5.170028905073802
5.463600081129698 6.722974528868993
5.464400081109488 6.647844831148784
5.465200081089279 7.588724335034688
5.466000081069069 6.466158638397853
5.466800081048859 7.012722705801328
5.46760008102865 5.4650489042202635
5.46840008100844 6.046497295300166
5.46920008098823 7.448848247528076
5.4700000809680205 7.4402809490760164
5.470800080947811 8.626958131790161
5.471600080927601 7.225822294751803
5.472400080907391 7.42604645093282
5.473200080887182 7.386314660310745
5.474000080866972 5.587454715122779
5.474800080846762 2.97223037481308
5.475600080826553 4.388382064799468
5.476400080806343 3.3241755391160646
5.477200080786133 5.06793109079202
5.4780000807659235 4.163137328190108
5.478800080745714 3.582211318115393
5.479600080725504 1.5377157827218373
5.480400080705294 2.6001477440198264
5.481200080685085 3.7467477967341742
5.482000080664875 6.916128158569336
5.482800080644665 6.709350864092509
5.483600080624456 6.834707334637642
5.484400080604246 5.188343183447917
5.485200080584036 6.279360309243202
5.4860000805638265 6.311835587024689
5.486800080543617 6.273963451385498
5.487600080523407 8.75031774242719
5.488400080503197 6.884593178828557
5.489200080482988 7.295259013772011
5.490000080462778 5.780629684527715
5.490800080442568 7.156179706255595
5.491600080422359 7.353240271409352
5.492400080402149 5.138395359118779
5.493200080381939 5.977877294023831
5.4940000803617295 6.588038772344589
5.49480008034152 5.909738600254059
5.49560008032131 6.939754992723465
5.4964000803011 8.676352163155874
5.497200080280891 8.926990558703741
5.498000080260681 9.591146310170492
5.498800080240471 9.499254723389944
5.499600080220262 8.530431439479193
5.500400080200052 7.944626748561859
5.501200080179842 7.39275981982549
5.5020000801596325 8.641438513994217
5.502800080139423 11.146814395984014
5.503600080119213 10.517882237831751
5.504400080099003 11.045538783073425
5.505200080078794 9.240704397360483
5.506000080058584 10.619114309549332
5.506800080038374 10.36185852686564
5.507600080018165 9.4950543542703
5.508400079997955 10.368048171202341
5.509200079977745 10.218817313512167
5.5100000799575355 9.082747767368952
5.510800079937326 7.937235742807388
5.511600079917116 8.91831993063291
5.512400079896906 9.009067118167877
5.513200079876697 8.661232352256775
5.514000079856487 10.087699244419733
5.514800079836277 9.568024843931198
5.515600079816068 9.079903344313303
5.516400079795858 7.17509451508522
5.517200079775648 5.89402703444163
5.5180000797554385 9.560898770888647
5.518800079735229 9.353927652041117
5.519600079715019 8.478035142024359
5.520400079694809 6.796767403682073
5.5212000796746 6.596510082483292
5.52200007965439 7.3379557232062025
5.52280007963418 8.849040458599726
5.523600079613971 6.784973040223122
5.524400079593761 7.145451108614604
5.525200079573551 6.724230661988258
5.5260000795533415 7.611412286758423
5.526800079533132 6.411260748902957
5.527600079512922 7.945573354760806
5.528400079492712 6.141175751884778
5.529200079472503 8.651915311813354
5.530000079452293 6.96881528198719
5.530800079432083 6.436797360579173
5.531600079411874 5.756328269839287
5.532400079391664 9.576918562253317
5.533200079371454 6.462802479664485
5.5340000793512445 6.76603277027607
5.534800079331035 5.63896419107914
5.535600079310825 8.016274511814117
5.536400079290615 6.358078723152478
5.537200079270406 7.049349695444107
5.538000079250196 5.530274033546448
5.538800079229986 6.37613508105278
5.539600079209777 6.240908940633138
5.540400079189567 6.808185249567032
5.541200079169357 5.8387708614269895
5.5420000791491475 6.815303087234497
5.542800079128938 4.941447387139003
5.543600079108728 4.921683688958486
5.544400079088518 5.51181498169899
5.545200079068309 5.803083896636963
5.546000079048099 6.1012967228889465
5.546800079027889 5.183678964773814
5.54760007900768 6.3729425966739655
5.54840007898747 3.8051561738053956
5.54920007896726 4.645485386252403
5.5500000789470505 6.993886669476827
5.550800078926841 7.1963074405988054
5.551600078906631 6.468534837166469
5.552400078886421 5.606456915537517
5.553200078866212 6.099909459551175
5.554000078846002 6.609490593274434
5.554800078825792 4.216395830114682
5.555600078805583 4.742427398761113
5.556400078785373 6.575420846541722
5.557200078765163 6.901096483071645
5.5580000787449535 6.456687082846959
5.558800078724744 5.581632673740387
5.559600078704534 7.34319453438123
5.560400078684324 6.804871102174123
5.561200078664115 6.3585070967674255
5.562000078643905 5.998567700386047
5.562800078623695 5.90179963906606
5.563600078603486 6.419012208779653
5.564400078583276 5.680798893173535
5.565200078563066 6.942284892002742
5.5660000785428565 7.806796977917354
5.566800078522647 7.866624275843303
5.567600078502437 6.3851384570201235
5.568400078482227 6.581759984294574
5.569200078462018 8.043078909317652
5.570000078441808 7.052152310808499
5.570800078421598 6.773432741562526
5.571600078401389 7.4057313203811646
5.572400078381179 8.953187296787897
5.573200078360969 6.5943326105674105
5.5740000783407595 7.345876644055049
5.57480007832055 8.041976273059845
5.57560007830034 8.79481249054273
5.57640007828013 6.596868326266606
5.577200078259921 6.702218472957611
5.578000078239711 5.255544235308965
5.578800078219501 8.310155391693115
5.579600078199292 9.143719355265299
5.580400078179082 9.885861545801163
5.581200078158872 7.389469941457112
5.5820000781386625 8.452995469172796
5.582800078118453 6.625162422657013
5.583600078098243 8.381511549154917
5.584400078078033 7.802769273519516
5.585200078057824 9.02184553941091
5.586000078037614 7.0051638931035995
5.586800078017404 9.431067516406378
5.587600077997195 6.895695060491562
5.588400077976985 8.19160689910253
5.589200077956775 9.486888974905014
5.5900000779365655 8.393498092889786
5.590800077916356 8.549921880165735
5.591600077896146 10.800906797250112
5.592400077875936 10.713163554668427
5.593200077855727 10.03974093000094
5.594000077835517 10.863392035166422
5.594800077815307 10.883327513933182
5.595600077795098 8.970953981081644
5.596400077774888 6.537700762351354
5.597200077754678 5.251118699709575
5.5980000777344685 5.7641540467739105
5.598800077714259 6.33361820379893
5.599600077694049 7.113027731577556
5.600400077673839 8.356687605381012
5.60120007765363 6.447951962550481
5.60200007763342 8.871084551016489
5.60280007761321 8.298175324996313
5.603600077593001 6.520789752403895
5.604400077572791 7.344318519035975
5.605200077552581 8.872804631789526
5.6060000775323715 8.916491309801737
5.606800077512162 7.01042714715004
5.607600077491952 7.558706641197205
5.608400077471742 9.223356008529663
5.609200077451533 8.575017114480337
5.610000077431323 11.579679667949677
5.610800077411113 9.348410060008367
5.611600077390904 8.805565218130747
5.612400077370694 9.577632536490759
5.613200077350484 9.631015370289484
5.6140000773302745 7.887384831905365
5.614800077310065 9.001871238152185
5.615600077289855 11.560043275356293
5.616400077269645 9.716482798258463
5.617200077249436 8.54552835226059
5.618000077229226 8.307053570946058
5.618800077209016 8.447009066740671
5.619600077188807 10.69440988699595
5.620400077168597 13.123868107795715
5.621200077148387 14.78011151154836
5.6220000771281775 17.75478971004486
5.622800077107968 22.184966564178467
5.623600077087758 23.298335433006287
5.624400077067548 23.214327653249104
5.625200077047339 20.069523592789967
5.626000077027129 16.55102237065633
5.626800077006919 15.997510373592377
5.62760007698671 14.234640022118887
5.6284000769665 13.320604503154755
5.62920007694629 13.501160124937693
5.6300000769260805 13.418298701445261
5.630800076905871 12.731147289276123
5.631600076885661 10.513174176216125
5.632400076865451 11.229559024175009
5.633200076845242 13.272946019967398
5.634000076825032 11.669815997282663
5.634800076804822 13.139961103598276
5.635600076784613 13.071582118670145
5.636400076764403 13.299423376719156
5.637200076744193 14.666894872983297
5.6380000767239835 13.930840969085693
5.638800076703774 11.901309192180634
5.639600076683564 9.1068334877491
5.640400076663354 7.492928812901179
5.641200076643145 8.014628420273462
5.642000076622935 10.081888695557913
5.642800076602725 11.913606464862823
5.643600076582516 11.654689451058706
5.644400076562306 9.862163166205088
5.645200076542096 6.942092339197795
5.6460000765218865 7.27285768588384
5.646800076501677 5.616824234525363
5.647600076481467 6.603072067101796
5.648400076461257 9.125400930643082
5.649200076441048 9.322097301483154
5.650000076420838 9.159053564071655
5.650800076400628 8.08796575665474
5.651600076380419 7.4511062403519945
5.652400076360209 8.721085558334986
5.653200076339999 9.35620833436648
5.6540000763197895 10.446102251609167
5.65480007629958 10.207196146249771
5.65560007627937 9.406572749217352
5.65640007625916 8.28107396264871
5.657200076238951 7.307967672745387
5.658000076218741 6.758758599559466
5.658800076198531 7.7127783099810285
5.659600076178322 9.487272143363953
5.660400076158112 7.580256402492523
5.661200076137902 6.797845462958018
5.6620000761176925 7.405730565388997
5.662800076097483 9.90170975526174
5.663600076077273 10.07839638988177
5.664400076057063 9.08988751967748
5.665200076036854 8.758878499269485
5.666000076016644 8.760335912307104
5.666800075996434 8.126317352056503
5.667600075976225 8.965004096428553
5.668400075956015 9.553111006816229
5.669200075935805 9.300877710183462
5.6700000759155955 10.58876105149587
5.670800075895386 9.221800516049067
5.671600075875176 7.292402108510335
5.672400075854966 8.367048680782318
5.673200075834757 8.995830516020456
5.674000075814547 8.748918861150742
5.674800075794337 9.122208694616953
5.675600075774128 8.648586193720499
5.676400075753918 10.149107476075491
5.677200075733708 9.466195404529572
5.6780000757134985 10.121354023615519
5.678800075693289 10.206551551818848
5.679600075673079 10.135274648666382
5.680400075652869 9.51334398984909
5.68120007563266 9.979227244853973
5.68200007561245 7.85893839597702
5.68280007559224 10.57078762849172
5.683600075572031 11.324910640716553
5.684400075551821 9.907587031523386
5.685200075531611 8.93800143400828
5.6860000755114015 9.8198133011659
5.686800075491192 8.712000062068304
5.687600075470982 11.532949050267538
5.688400075450772 11.42084683974584
5.689200075430563 11.066673378149668
5.690000075410353 8.280054122209549
5.690800075390143 10.059316555658976
5.691600075369934 9.474223057428995
5.692400075349724 9.435154497623444
5.693200075329514 10.604147404432297
5.6940000753093045 12.22133062283198
5.694800075289095 12.59690809249878
5.695600075268885 15.36552264293035
5.696400075248675 11.460432906945547
5.697200075228466 11.405840794245401
5.698000075208256 9.371120154857635
5.698800075188046 11.622723360856375
5.699600075167837 10.006193240483602
5.700400075147627 11.390843351682028
5.701200075127417 9.926333139340082
5.7020000751072075 13.309182385603586
5.702800075086998 14.496305207411448
5.703600075066788 14.856671551863352
5.704400075046578 14.419934550921122
5.705200075026369 17.92080722252528
5.706000075006159 10.604575375715891
5.706800074985949 14.032526989777883
5.70760007496574 12.758520404497782
5.70840007494553 11.76186696688334
5.70920007492532 7.116710225741069
5.7100000749051105 9.962106883525848
5.710800074884901 10.259494105974833
5.711600074864691 11.796862880388895
5.712400074844481 12.980983793735504
5.713200074824272 13.343784809112549
5.714000074804062 14.78811373313268
5.714800074783852 15.316435714562735
5.715600074763643 13.886953691641489
5.716400074743433 13.15867825349172
5.717200074723223 14.592043260733286
5.7180000747030135 14.653331518173218
5.718800074682804 13.573202967643738
5.719600074662594 12.523951371510824
5.720400074642384 13.770550628503164
5.721200074622175 13.643323441346487
5.722000074601965 12.200479209423065
5.722800074581755 12.576940218607584
5.723600074561546 15.069407125314077
5.724400074541336 14.243097186088562
5.725200074521126 11.428581535816193
5.7260000745009165 11.188604354858398
5.726800074480707 11.959975282351175
5.727600074460497 12.303163528442383
5.728400074440287 14.162664850552877
5.729200074420078 13.349834541479746
5.730000074399868 14.584062397480011
5.730800074379658 12.004567782084147
5.731600074359449 12.437294860680899
5.732400074339239 12.623939394950867
5.733200074319029 15.332106828689575
5.7340000742988195 13.743153731028238
5.73480007427861 14.273800532023111
5.7356000742584 13.105936845143637
5.73640007423819 13.64077514410019
5.737200074217981 11.698054929574331
5.738000074197771 12.115558485190073
5.738800074177561 10.257000704606375
5.739600074157352 12.22399483124415
